-1.1258,1.4654,1.2988,2.1299,1.6188,-0.70703,-2.3496,1.1956,-0.60423
-0.045534,2.3146,1.5674,-0.9965,2.0223,0.14271,0.6188,-2.679,1.2121
-1.6546,-0.20181,1.4263,-0.65165,-1.3257,0.98753,-1.7035,-0.88184,-0.35106
-1.7484,2.2524,-1.389,2.0516,-1.3002,-0.093451,-2.0675,-1.2231,1.7352
-2.4384,0.97449,-1.8422,-0.77721,1.6049,1.8652,2.3864,0.29776,-1.5537
-1.5261,0.20043,0.74964,1.4268,1.7483,1.5813,0.42195,1.4538,0.8955
-0.87698,-1.6772,-0.58768,-1.7379,-1.157,0.68755,-0.68648,1.4268,-2.0538
1.4817,-0.98683,1.9641,0.017097,0.022786,1.2696,-1.7339,-0.80156,0.60796
1.4869,1.573,0.50035,1.0946,-0.73868,-0.35544,0.13009,1.5032,-1.1042
0.64247,0.85753,-2.2164,0.60887,0.76987,-1.6402,0.081132,-1.3703,-2.2769
0.59915,1.592,-1.3217,-1.8332,-2.7559,-1.7203,1.0698,1.1086,0.020211
-1.7652,-0.4468,0.0819,-0.0060988,-0.92104,-1.5415,2.1174,-0.18153,0.75164
0.026632,1.242,0.38142,0.34653,1.8399,-1.076,-0.062552,-1.5767,-0.40444
-0.79172,0.44398,-0.91938,0.9675,-1.0604,-2.109,1.6236,1.9829,1.5984
1.4288,1.613,-0.80318,1.4413,0.4277,-0.0059313,1.4374,1.0615,1.1194
-1.6187,0.47402,-1.658,-1.3432,-0.95583,-0.056507,-1.0208,0.7332,-2.0825
1.9309,0.70868,-1.681,0.98723,0.61812,-2.1166,-0.39965,1.8924,-1.4201
-1.1658,0.39872,-1.3323,1.4818,-1.4341,-1.3485,1.4945,-2.6325,1.6705
-2.1428,-2.4342,2.1028,-0.021488,0.20163,-2.4342,1.2603,-0.22821,0.51702
-1.7612,2.0396,-0.70293,0.64152,-1.5199,-2.1537,2.1477,-0.10385,-2.2028
-0.26291,-0.35328,0.35981,-2.4665,-0.75915,-1.5538,-1.3554,-1.2457,0.12605
1.8232,-2.4276,1.5485,2.6979,-2.5579,1.1236,0.17158,-2.4586,0.0338
-0.99191,-1.5122,-2.4578,0.86571,1.2728,-0.94643,-0.24567,-2.4763,-0.31343
0.47312,1.0927,-0.33214,0.20195,-0.85691,0.55671,-1.5954,0.65761,-0.63425
-0.32626,0.7059,0.15667,-0.95238,0.11931,0.36948,1.0958,-1.6109,-2.1181
1.0172,-0.57461,0.17856,-2.248,-0.0086721,1.58,-0.39266,-0.62984,1.2088
0.80082,0.14732,1.2125,2.075,1.6343,-0.34423,-1.492,-0.6651,-0.0072881
0.54204,-0.020313,-0.13306,0.43248,-0.14287,-2.5793,0.068573,-1.6139,0.62535
-0.87258,-2.0536,-2.2383,-0.4125,2.1076,0.78084,0.12402,0.52815,2.2944
1.651,-1.0654,-1.8134,0.12546,-1.6326,1.2022,-0.53333,-0.65881,-1.7914
-1.6046,-0.63747,-1.8212,1.5357,0.9762,1.5054,0.93143,0.95197,1.2686
-1.4506,1.3587,-0.41677,-1.1281,-0.18652,-0.22192,-1.0047,0.2147,-2.1375
