x
0 1
1 0 2.93065438644
2 0 3.2718408723
3 0 3.85570720904
4 0 2.88125410209
5 0 4.14456947651
6 0 4.48046125785
7 0 3.80144793042
8 0 4.36305783347
9 0 4.89408459483
10 0 4.85540548192
11 0 2.91315389712
12 0 2.12248363652
13 0 3.09291697942
14 0 2.03765581872
15 0 3.07853230626
16 0 2.34507075806
17 0 4.80954174567
18 0 2.79723191439
19 0 2.28337045553
20 0 4.20587298337
21 0 4.7984402402
22 0 3.00361344908
23 0 3.23583497277
24 0 3.48711724818
25 0 5.30087866849
26 0 2.87993546444
27 0 4.28372860051
28 0 3.42240892151
29 0 6.11447432246
30 0 4.15038918726
31 0 1.12194419686
32 0 3.98607334217
33 0 3.368189767
34 0 2.2272437815
35 0 3.28595624512
36 0 2.70861992966
37 0 6.23411090828
38 0 2.66556088308
39 0 5.34079697273
40 0 4.47492463369
41 0 3.89291179776
42 0 4.42935001928
43 0 3.70927330867
44 0 2.85757147648
45 0 2.3152931583
46 0 3.23188114406
47 0 2.03716869146
48 0 2.45647329652
49 0 3.49325527729
50 0 3.33260059241
51 0 5.19311735218
52 0 3.06199327101
53 0 3.95639533408
54 0 2.66804529704
55 0 4.30949820603
56 0 3.98406214066
57 0 3.04330686769
58 0 3.32748298163
59 0 3.65004501235
60 0 4.61246458275
61 0 4.27286625581
62 0 3.31549534053
63 0 3.1193132145
64 0 3.21673737334
65 0 3.5902678122
66 0 2.93245797961
67 0 4.4666988691
68 0 3.8694148391
69 0 4.22493964465
70 0 3.78086018033
71 0 3.2431856083
72 0 3.51734537143
73 0 3.16545641933
74 0 2.33888314456
75 0 4.48206413198
76 0 2.35692293827
77 0 4.7169927816
78 0 2.17492653486
79 0 4.30068191758
80 0 4.42538805872
81 0 2.18832612587
82 0 3.90304141189
83 0 4.05799843512
84 0 4.03639580243
85 0 4.75155622431
86 0 2.45153004283
87 0 3.175075387
88 0 3.0311075059
89 0 3.52599761394
90 0 2.97287785211
91 0 3.88960243908
92 0 2.79563540028
93 0 2.66334999617
94 0 2.82551113253
95 0 2.37097041636
96 0 5.68516018682
97 0 4.63534563204
98 0 4.87237601624
99 0 3.53246657061
100 0 2.8410168785
101 0 3.30993937364
102 0 2.80193042761
103 0 3.21712532979
104 0 3.19134638533
105 0 3.26404642941
106 0 5.2364469517
107 0 4.81730648317
108 0 3.02666750773
109 0 3.0134825205
110 0 4.04612400609
111 0 6.01784986635
112 0 4.28036235441
113 0 3.66575816864
114 0 3.47626278055
115 0 5.16838946691
116 0 4.26434904725
117 0 3.40699104771
118 0 4.07472888875
119 0 2.78844937672
120 0 3.20749146164
121 0 2.87296010316
122 0 3.81324120126
123 0 0.998298882043
124 0 4.2386572436
125 0 3.90290532448
126 0 4.83653407096
127 0 2.76040619927
128 0 3.28942336137
129 0 3.43548910486
130 0 3.97689879809
131 0 2.88045035279
132 0 2.78550260639
133 0 5.33230903585
134 0 4.78029793601
135 0 3.28993532568
136 0 2.95102658183
137 0 3.83737241091
138 0 4.87736694942
139 0 3.50547380767
140 0 4.87916830019
141 0 3.58734547543
142 0 3.9417830729
143 0 3.33781174376
144 0 2.44979594372
145 0 4.85472251528
146 0 4.28664409193
147 0 1.5247936545
148 0 4.19244113805
149 0 4.83423815273
150 0 3.93704134084
151 0 4.07372301934
152 0 2.54408232968
153 0 1.8893818697
154 0 2.95274269318
155 0 3.33097308901
156 0 4.74243085568
157 0 2.89060069936
158 0 2.50454578253
159 0 3.83554277207
160 0 3.76131540729
161 0 1.70285969373
162 0 4.42491566027
163 0 3.26972714629
164 0 4.18836473117
165 0 3.98963624073
166 0 4.75184877601
167 0 5.70745591125
168 0 3.15411544472
169 0 3.17716309263
170 0 3.96607553847
171 0 5.53026973029
172 0 4.62984271016
173 0 3.63882193597
174 0 3.38972343724
175 0 2.55732357082
176 0 1.89555968388
177 0 5.77989328992
178 0 2.95381121541
179 0 1.69188562279
180 0 2.22843651396
181 0 4.05474385649
182 0 4.01869069642
183 0 4.67017045925
184 0 3.13081373773
185 0 4.36305783347
186 0 2.42472978669
187 0 3.96358262463
188 0 2.12532801667
189 0 5.43184558754
190 0 2.90188095051
191 0 3.24053818946
192 0 4.82507896772
193 0 2.1338614779
194 0 5.51831287252
195 0 3.48622874361
196 0 2.94326703509
197 0 2.31230427545
198 0 3.31598552067
199 0 3.90848501888
200 0 4.3734275054
201 0 2.5731354797
202 0 3.83896080636
203 0 4.27229243269
204 0 2.34346239283
205 0 3.31112664303
206 0 2.57642378369
207 0 2.07407107215
208 0 4.4962344318
209 0 2.64158349142
210 0 2.95724739968
211 0 3.72716925936
212 0 4.22877411271
213 0 3.24632326102
214 0 2.92111243849
215 0 2.15654212797
216 0 3.66811388344
217 0 2.5653218583
218 0 4.92294303135
219 0 3.71909935187
220 0 3.30175474278
221 0 2.36232438997
222 0 3.86610642074
223 0 3.28229478915
224 0 3.911057275
225 0 3.46092121239
226 0 2.98132960954
227 0 4.37665143095
228 0 4.46349507509
229 0 3.44961622289
230 0 4.60627705216
231 0 2.59326695502
232 0 2.80581037069
233 0 3.65487746771
234 0 3.47925406675
235 0 3.35487243312
236 0 2.43925977405
237 0 3.50418967265
238 0 3.13453192374
239 0 3.30581401298
240 0 5.07248675687
241 0 3.12149763351
242 0 1.75050527913
243 0 2.0067065639
244 0 3.94051586694
245 0 5.10444982711
246 0 2.55175922868
247 0 4.72268564715
248 0 3.03260158823
249 0 3.85242757168
250 0 2.69422254646
251 0 4.70947937193
252 0 3.9224558544
253 0 4.40203593388
254 0 2.53601144613
255 0 4.85366040158
256 0 2.49889564231
257 0 3.59372568879
258 0 6.65524119345
259 0 3.29073016831
260 0 3.4427470863
261 0 3.41292249868
262 0 4.14874728457
263 0 3.39053046161
264 0 1.63876557833
265 0 4.5510740455
266 0 3.55368416495
267 0 4.1583624921
268 0 3.45628489569
269 0 4.10230504489
270 0 3.81263791424
271 0 3.48622874361
272 0 3.20596195568
273 0 2.93966189852
274 0 4.382817695
275 0 2.4814342982
276 0 3.85509357238
277 0 2.38537793736
278 0 1.79716335882
279 0 2.87666326727
280 0 2.03176386414
281 0 3.69802560318
282 0 3.75037787555
283 0 3.93040611781
284 0 4.52802768321
285 0 2.59881841698
286 0 2.78776462167
287 0 4.97212104983
288 0 4.08467407741
289 0 3.63133635786
290 0 3.06366303054
291 0 2.71308255285
292 0 2.78878690205
293 0 2.31503291367
294 0 3.75891101514
295 0 1.75935341185
296 0 3.89250192784
297 0 2.00987839853
298 0 3.35327588255
299 0 4.87277934283
300 0 2.6805067683
301 0 5.09710156568
302 0 3.90673007843
303 0 2.42765787483
304 0 1.68317573715
305 0 3.74632836874
306 0 4.70365943664
307 0 2.85348865315
308 0 1.75467015453
309 0 3.85861600016
310 0 3.16176127124
311 0 4.29218746306
312 0 5.41952830241
313 0 3.09465087172
314 0 4.05881168641
315 0 3.50371157607
316 0 2.28750589244
317 0 2.37984487021
318 0 3.52939546162
319 0 3.66432442872
320 0 4.02782175841
321 0 3.82602379973
322 0 3.14177915248
323 0 4.54895423775
324 0 2.66163408991
325 0 3.9021344491
326 0 2.0773336218
327 0 2.87040305721
328 0 4.34328712457
329 0 2.72428407537
330 0 1.4908934827
331 0 2.57669792781
332 0 5.05065022223
333 0 4.35534882558
334 0 3.31846573908
335 0 3.42923729648
336 0 3.89412784962
337 0 4.22785653768
338 0 5.62526617093
339 0 2.95548290072
340 0 2.30207141955
341 0 4.19793456161
342 0 3.85430109857
343 0 3.36700882099
344 0 5.26193809442
345 0 2.17472328314
346 0 3.32286998383
347 0 3.43182152465
348 0 2.23173536048
349 0 4.53074031857
350 0 4.1724937424
351 0 3.61573499338
352 0 5.18189277596
353 0 2.76206943063
354 0 4.39432264117
355 0 4.20257910149
356 0 2.49798744747
357 0 6.11068819807
358 0 4.11624464603
359 0 1.97059905603
360 0 1.51806484486
361 0 4.04626105882
362 0 4.83669091144
363 0 3.9926197098
364 0 2.9464185533
365 0 3.35863063268
366 0 4.86213310844
367 0 3.46739368577
368 0 4.27553603536
369 0 3.40179243789
370 0 4.27916627984
371 0 3.3404633103
372 0 2.4366716141
373 0 3.63882193597
374 0 3.17502630676
375 0 3.33893160482
376 0 5.27709505759
377 0 4.47194372876
378 0 3.71059231872
379 0 2.74948927855
380 0 3.94188622167
381 0 2.16010293591
382 0 2.39927876166
383 0 5.27766175718
384 0 2.42331775455
385 0 2.96376102379
386 0 4.23458356156
387 0 3.37473651799
388 0 4.1412981306
389 0 3.77132390585
390 0 2.84744333961
391 0 3.77403315503
392 0 2.37150150942
393 0 4.82971954116
394 0 3.45185897685
395 0 3.19677405531
396 0 2.23404325448
397 0 2.1276462027
398 0 4.57196902592
399 0 4.48339190317
400 0 2.39192165963
401 0 3.02102563757
402 0 1.56666862749
403 0 3.47015596133
404 0 3.48483674087
405 0 4.77417294161
406 0 3.05177511301
407 0 2.71927691715
408 0 3.5714293424
409 0 3.83164033777
410 0 3.84826077445
411 0 4.28716225545
412 0 4.59996625322
413 0 2.91751831237
414 0 4.02770402848
415 0 4.9221990143
416 0 4.70453251511
417 0 2.79299890443
418 0 4.00014445205
419 0 2.18567362138
420 0 3.42578683413
421 0 4.61246458275
422 0 3.85430109857
423 0 3.05710321899
424 0 4.01296856437
425 0 2.8495075656
426 0 3.36020162249
427 0 3.30447496133
428 0 4.88004672909
429 0 4.91854069747
430 0 4.26488568531
431 0 2.41218030828
432 0 3.82866039391
433 0 4.52562191472
434 0 4.80671609193
435 0 5.01770633055
436 0 3.50024505357
437 0 3.40036691906
438 0 3.50934030907
439 0 4.66015246459
440 0 5.67033740078
441 0 3.41703392006
442 0 2.8495075656
443 0 3.65294393552
444 0 3.57049025253
445 0 2.4475646163
446 0 3.0128724795
447 0 4.68250073019
448 0 4.35583552694
449 0 2.69265842262
450 0 5.69282131986
451 0 2.63856792443
452 0 3.15056771959
453 0 5.45888762144
454 0 3.04083625317
455 0 2.66405446153
456 0 5.08785307068
457 0 2.66129403782
458 0 3.30004002278
459 0 3.54245625494
460 0 2.87145713912
461 0 3.278632043
462 0 3.23242242657
463 0 3.19050561011
464 0 2.00274650876
465 0 2.57378633599
466 0 2.24160522978
467 0 3.57268732431
468 0 3.84076015223
469 0 5.30175527411
470 0 2.89225398441
471 0 3.8543946552
472 0 4.27318031607
473 0 4.68912029734
474 0 3.93793153252
475 0 2.0861698014
476 0 3.39794000867
477 0 2.80936743023
478 0 4.56575700709
479 0 4.42935001928
480 0 4.2444253868
481 0 2.32158075547
482 0 3.0853038665
483 0 2.32866593177
484 0 4.44259620089
485 0 3.85665470948
486 0 4.08937745897
487 0 4.65260930089
488 0 4.22785653768
489 0 3.55896188577
490 0 4.09794219631
491 0 4.85366040158
492 0 4.22649713639
493 0 2.98489736179
494 0 1.9625645851
495 0 3.78946581363
496 0 3.43668038893
497 0 4.80898964051
498 0 3.78402037712
499 0 3.22363234951
500 0 3.65917353131
501 0 3.36308316485
502 0 3.57669001256
503 0 4.14179364297
504 0 1.69227988071
505 0 3.69019608003
506 0 3.34574518393
507 0 5.21562504903
508 0 2.95818337887
509 0 3.43803221935
510 0 4.29818195019
511 0 3.21712532979
512 0 2.95264104901
513 0 3.11132841072
514 0 3.62379766317
515 0 3.53387047604
516 0 2.30309577261
517 0 4.07402814693
518 0 1.70708789456
519 0 4.50511023953
520 0 2.76243853498
521 0 3.86941939324
522 0 3.22561563686
523 0 4.50908961798
524 0 3.62100536139
525 0 3.88254695553
526 0 3.63882193597
527 0 3.83412546086
528 0 3.08821941437
529 0 5.29611992167
530 0 3.36260425471
531 0 2.60797897901
532 0 3.44710949024
533 0 2.5381038254
534 0 3.3775950251
535 0 2.85648186268
536 0 4.73366325797
537 0 3.87911116123
538 0 3.40491188141
539 0 4.0850506475
540 0 3.01390815608
541 0 4.26091248213
542 0 4.62590788765
543 0 3.3344053806
544 0 3.31073892346
545 0 3.60709854196
546 0 3.88103551929
547 0 2.59432383357
548 0 4.51493738667
549 0 3.47493876171
550 0 4.61101903723
551 0 2.90657064913
552 0 2.77192498227
553 0 4.06322437586
554 0 2.65969165567
555 0 4.38632412948
556 0 4.51084986402
557 0 3.77868406792
558 0 4.3734275054
559 0 3.24987447425
560 0 1.83649120921
561 0 4.04964716745
562 0 3.06908906994
563 0 2.123468819
564 0 3.03055258588
565 0 3.28053431708
566 0 5.22360666734
567 0 4.29926872995
568 0 2.88418800204
569 0 4.11317731974
570 0 2.76689115105
571 0 3.93861900892
572 0 3.74490649985
573 0 5.17307536763
574 0 2.51924842967
575 0 4.60389679496
576 0 2.09702594464
577 0 3.45250489467
578 0 3.98406214066
579 0 3.08142379779
580 0 2.05331708208
581 0 4.34881190715
582 0 2.16136244434
583 0 4.260730559
584 0 3.84013606802
585 0 2.9113176732
586 0 3.23713986613
587 0 3.34959016761
588 0 3.42776858685
589 0 3.51029013251
590 0 2.99373062583
591 0 2.78413015329
592 0 2.83341280485
593 0 2.07791899487
594 0 3.67689735237
595 0 3.7559870206
596 0 5.99423497395
597 0 2.92771861672
598 0 3.95686901049
599 0 4.1583624921
600 0 2.79588001734
601 0 2.85308577043
602 0 4.35534882558
603 0 3.62144053806
604 0 4.35365585123
605 0 2.38704744328
606 0 3.23242242657
607 0 6.02798864588
608 0 2.72815692055
609 0 2.7164650721
610 0 2.42581794982
611 0 1.66060248852
612 0 3.32394055091
613 0 5.26777724924
614 0 3.38613386631
615 0 4.49293146071
616 0 4.0555017318
617 0 3.03333470069
618 0 3.78402037712
619 0 3.49985727114
620 0 4.5034049081
621 0 2.83250891271
622 0 4.50193006865
623 0 3.34885660808
624 0 5.51093927639
625 0 4.59538477208
626 0 3.19588816353
627 0 4.38529362603
628 0 3.32207579791
629 0 3.73928829998
630 0 3.85563975813
631 0 2.24504352502
632 0 2.93127823266
633 0 5.00074985154
634 0 2.06119451627
635 0 3.46272926557
636 0 1.74313606823
637 0 4.74749164722
638 0 4.08302640875
639 0 3.06605920671
640 0 4.45780663162
641 0 5.22332833822
642 0 2.93832012235
643 0 4.04050048389
644 0 2.27700450467
645 0 3.63805400001
646 0 2.7273317926
647 0 3.00098535088
648 0 2.71356866595
649 0 4.55750720191
650 0 3.92937254091
651 0 2.9220112217
652 0 4.05715143158
653 0 3.10006217999
654 0 4.90767878514
655 0 3.17423186397
656 0 4.3571030817
657 0 3.60289172686
658 0 3.03530818493
659 0 4.16119887886
660 0 4.32854900686
661 0 3.2899091291
662 0 3.64920921344
663 0 3.49192786691
664 0 4.38296768803
665 0 2.97575191344
666 0 3.25878562983
667 0 2.8212356917
668 0 3.80760711053
669 0 1.91161074627
670 0 2.00112808491
671 0 3.82513044908
672 0 3.56601113325
673 0 3.72632408018
674 0 3.45967186199
675 0 2.52263943118
676 0 4.01901771934
677 0 3.3052078353
678 0 4.260730559
679 0 4.46723210831
680 0 4.16056051894
681 0 4.37665143095
682 0 3.58398932442
683 0 6.15213857082
684 0 3.00811509988
685 0 6.07502832102
686 0 5.92406221293
687 0 3.39574222298
688 0 4.73205401818
689 0 5.82280323235
690 0 4.39527137332
691 0 3.15328872964
692 0 5.55130816317
693 0 1.92059621294
694 0 2.45594067179
695 0 1.97217329188
696 0 4.84426400818
697 0 4.0434205812
698 0 1.94486432851
699 0 3.1761064352
700 0 3.23371013634
701 0 3.62488943184
702 0 2.33942406918
703 0 3.51037746102
704 0 3.13753312578
705 0 2.97043198524
706 0 3.12738077279
707 0 3.15252413955
708 0 2.9156499391
709 0 2.71163360553
710 0 3.89003268687
711 0 3.1601032895
712 0 4.8556649949
713 0 2.12395558969
714 0 3.10808493657
715 0 2.95925749378
716 0 2.26438375596
717 0 3.18751748141
718 0 3.47106246208
719 0 3.68712098514
720 0 3.50038093736
721 0 4.76280578242
722 0 4.1370110341
723 0 4.13182469126
724 0 3.79109494235
725 0 5.38564779365
726 0 1.9090109481
727 0 3.67043345456
728 0 2.88803404186
729 0 3.07512275807
730 0 3.32702753227
731 0 2.13942426976
732 0 2.62801509246
733 0 6.6282768446
734 0 4.50399957018
735 0 5.00725126039
736 0 3.73105942746
737 0 2.03642847431
738 0 2.61584433636
739 0 3.48264440654
740 0 5.2364469517
741 0 3.7471190345
742 0 3.46965915788
743 0 3.00793522394
744 0 1.45894918907
745 0 3.58717941698
746 0 4.37402288071
747 0 3.55630250077
748 0 3.97397286008
749 0 2.6689075023
750 0 3.98406214066
751 0 3.17549539457
752 0 3.85607243083
753 0 2.86345622836
754 0 3.17116391324
755 0 3.54162952975
756 0 2.8818300072
757 0 4.14381391237
758 0 3.872722965
759 0 4.22445488685
760 0 3.65304832931
761 0 4.1372488241
762 0 2.03606490595
763 0 4.29854263033
764 0 4.6465286999
765 0 4.68930613339
766 0 5.20274534275
767 0 3.05620298803
768 0 4.07236902929
769 0 3.05403733192
770 0 2.58823138341
771 0 2.2991811059
772 0 3.42016383857
773 0 4.10954996354
774 0 2.86065624682
775 0 3.80482616482
776 0 3.72331396216
777 0 3.39794000867
778 0 4.29459331337
779 0 5.01589797462
780 0 3.89117410721
781 0 3.42696054882
782 0 2.96584207604
783 0 2.37321514605
784 0 2.64741508292
785 0 3.41243218235
786 0 3.15658244279
787 0 3.23819124599
788 0 1.49508376903
789 0 3.76798995811
790 0 5.88702397149
791 0 4.53999152385
792 0 4.59538477208
793 0 2.00172039238
794 0 4.9823166617
795 0 2.5229950316
796 0 6.0391615746
797 0 4.39432264117
798 0 3.24987447425
799 0 3.63593050669
800 0 4.89348344757
801 0 3.79154497212
802 0 1.94257996677
803 0 2.73126921176
804 0 5.65278746194
805 0 4.27515372797
806 0 5.34079697273
807 0 3.94051586694
808 0 2.64773612326
809 0 1.86785824206
810 0 4.88217629239
811 0 4.25367140814
812 0 3.4486106194
813 0 4.08110484677
814 0 4.41886113061
815 0 5.09186475063
816 0 3.33097308901
817 0 4.504667138
818 0 2.68396302838
819 0 4.54534793684
820 0 5.48403815139
821 0 3.04330686769
822 0 3.06899683395
823 0 4.00284616551
824 0 3.3882356426
825 0 2.99970576669
826 0 3.41132163056
827 0 3.51778571918
828 0 4.57355468231
829 0 2.2160717942
830 0 2.64501237359
831 0 3.43726098308
832 0 2.77162813359
833 0 3.63789138837
834 0 4.30369439675
835 0 4.6517549553
836 0 1.68579940926
837 0 3.15328872964
838 0 2.99862342592
839 0 2.40631935397
840 0 3.93921033811
841 0 3.46545726075
842 0 3.7189884674
843 0 3.92044413609
844 0 4.53329029888
845 0 2.73232066477
846 0 3.79444130611
847 0 2.8006103913
848 0 4.27651120204
849 0 3.68176652337
850 0 3.06516572401
851 0 2.91702609763
852 0 3.92592011264
853 0 4.48190993268
854 0 5.90168725372
855 0 3.17600324841
856 0 2.73499984513
857 0 6.23085184776
858 0 3.2431856083
859 0 2.59832575412
860 0 3.39155519398
861 0 2.15478176772
862 0 3.52821790483
863 0 5.65934652012
864 0 3.50716873623
865 0 3.44710949024
866 0 5.638393043
867 0 1.49217278538
868 0 2.3555272317
869 0 4.46098519356
870 0 1.69897000434
871 0 5.61164781666
872 0 5.86050323448
873 0 4.36398773006
874 0 4.85084047772
875 0 3.85342148761
876 0 1.65831874658
877 0 4.08482531661
878 0 4.3170902093
879 0 1.71654142674
880 0 4.16197924923
881 0 2.19419372857
882 0 2.36486442015
883 0 4.4621891634
884 0 3.95199807231
885 0 3.71909935187
886 0 3.36522061331
887 0 3.8187546498
888 0 3.6918060693
889 0 4.76313792458
890 0 3.09791528926
891 0 5.68819412652
892 0 3.108793531
893 0 2.76677121218
894 0 4.40915625053
895 0 1.70708789456
896 0 3.96769213008
897 0 3.27668254524
898 0 3.99094951853
899 0 3.49479760345
900 0 4.81837038834
901 0 3.97544285911
902 0 2.37529607416
903 0 4.55534843669
904 0 4.21095619864
905 0 3.79444130611
906 0 5.12830366519
907 0 3.19994003961
908 0 3.66607051532
909 0 2.9584412394
910 0 3.30987906902
911 0 1.74468082395
912 0 2.524186168
913 0 3.38532438399
914 0 4.11719243261
915 0 2.3074584455
916 0 3.49124405111
917 0 4.25855429241
918 0 2.02444795642
919 0 3.12053428506
920 0 3.38665626837
921 0 1.70542563079
922 0 1.81303610304
923 0 3.19940231465
924 0 2.80576180265
925 0 2.55257245111
926 0 1.94992932007
927 0 5.62620411658
928 0 3.55728718946
929 0 4.70208439456
930 0 4.54534793684
931 0 4.18995874084
932 0 4.35750336628
933 0 4.19422564688
934 0 5.45437125326
935 0 3.85242757168
936 0 2.65014405106
937 0 5.39502599286
938 0 4.98592153866
939 0 3.69974985331
940 0 3.42855602462
941 0 4.48897346287
942 0 2.81189064226
943 0 2.76084435253
944 0 5.59402249896
945 0 3.0645001729
946 0 2.70563466161
947 0 4.81212284265
948 0 4.48073526415
949 0 2.36277964116
950 0 4.16318880969
951 0 3.64583041619
952 0 2.19833168935
953 0 3.7471190345
954 0 1.80346009834
955 0 4.85472251528
956 0 3.73105942746
957 0 2.79806739065
958 0 4.50371665266
959 0 2.36678099559
960 0 2.4527484566
961 0 2.82989452901
962 0 1.78128408855
963 0 2.29728036064
964 0 1.5993164645
965 0 4.1335536115
966 0 3.61103583773
967 0 1.92011271731
